---
james_bonds_first_qi:
  id: 17
  queue_rank: 1
  video_id: 178
  user_id: 23
  created_at: 2014-07-16 04:35:34.061641000 Z
  updated_at: 2014-07-16 04:35:34.061641000 Z
james_bonds_second_qi:
  id: 18
  queue_rank: 2
  video_id: 185
  user_id: 23
  created_at: 2014-07-16 04:35:34.065070000 Z
  updated_at: 2014-07-16 04:35:34.065070000 Z
dr_evils_first_qi:
  id: 19
  queue_rank: 1
  video_id: 178
  user_id: 24
  created_at: 2014-07-16 04:35:34.067919000 Z
  updated_at: 2014-07-16 04:35:34.067919000 Z
