---
relationships_001:
  id: 3
  followed_user_id: 11
  follower_id: 9
  created_at: 2014-08-10 18:49:33.314269000 Z
  updated_at: 2014-08-10 18:49:33.314269000 Z
