---
relationships_001:
  id: 3
  followed_user_id: 15
  follower_id: 13
  created_at: 2014-08-09 18:45:37.559412000 Z
  updated_at: 2014-08-09 18:45:37.559412000 Z
