---
relationships_001:
  id: 1
  followed_user_id: 3
  follower_id: 1
  created_at: 2014-07-28 04:37:17.016613000 Z
  updated_at: 2014-07-28 04:37:17.016613000 Z
