---
relationships_001:
  id: 3
  followed_user_id: 9
  follower_id: 7
  created_at: 2014-08-03 00:02:40.257404000 Z
  updated_at: 2014-08-03 00:02:40.257404000 Z
