---
relationships_001:
  id: 1
  followed_user_id: 9
  follower_id: 7
  created_at: 2014-07-27 00:24:52.150216000 Z
  updated_at: 2014-07-27 00:24:52.150216000 Z
