---
relationships_001:
  id: 2
  followed_user_id: 6
  follower_id: 4
  created_at: 2014-08-01 05:25:39.134565000 Z
  updated_at: 2014-08-01 05:25:39.134565000 Z
