---
iron_man_review_1:
  id: 55
  rating: 5
  text: expedite turn-key infrastructures
  user_id: 59
  video_id: 310
  created_at: 2014-07-26 02:53:27.147882000 Z
  updated_at: 2014-07-26 02:53:27.147882000 Z
iron_man_review_2:
  id: 56
  rating: 4
  text: redefine sticky schemas
  user_id: 60
  video_id: 310
  created_at: 2014-07-26 02:53:27.151740000 Z
  updated_at: 2014-07-26 02:53:27.151740000 Z
