---
iron_man_review:
  id: 23
  rating: 5
  text: whiteboard dot-com e-business
  user_id: 31
  video_id: 172
  created_at: 2014-07-12 19:15:43.041040000 Z
  updated_at: 2014-07-12 19:15:43.041040000 Z
