---
iron_man_review:
  id: 10
  rating: 0
  text: strategize world-class systems
  user_id: 18
  video_id: 46
  created_at: 2014-07-12 04:56:47.844661000 Z
  updated_at: 2014-07-12 04:56:47.844661000 Z
