---
iron_man_review_1:
  id: 5
  rating: 5
  text: reintermediate open-source communities
  user_id: 9
  video_id: 23
  created_at: 2014-08-10 18:49:33.279336000 Z
  updated_at: 2014-08-10 18:49:33.279336000 Z
iron_man_review_2:
  id: 6
  rating: 4
  text: recontextualize web-enabled e-tailers
  user_id: 10
  video_id: 23
  created_at: 2014-08-10 18:49:33.282816000 Z
  updated_at: 2014-08-10 18:49:33.282816000 Z
