---
iron_man_review:
  id: 32
  rating: 4
  text: deliver scalable supply-chains
  user_id: 23
  video_id: 178
  created_at: 2014-07-16 04:35:34.050985000 Z
  updated_at: 2014-07-16 04:35:34.050985000 Z
