---
iron_man_review_1:
  id: 3
  rating: 5
  text: reintermediate synergistic e-markets
  user_id: 4
  video_id: 12
  created_at: 2014-08-01 05:25:39.100624000 Z
  updated_at: 2014-08-01 05:25:39.100624000 Z
iron_man_review_2:
  id: 4
  rating: 4
  text: maximize front-end action-items
  user_id: 5
  video_id: 12
  created_at: 2014-08-01 05:25:39.104137000 Z
  updated_at: 2014-08-01 05:25:39.104137000 Z
