---
iron_man_review_1:
  id: 51
  rating: 5
  text: disintermediate B2B deliverables
  user_id: 53
  video_id: 288
  created_at: 2014-07-22 03:57:22.459940000 Z
  updated_at: 2014-07-22 03:57:22.459940000 Z
iron_man_review_2:
  id: 52
  rating: 4
  text: facilitate B2B markets
  user_id: 54
  video_id: 288
  created_at: 2014-07-22 03:57:22.463173000 Z
  updated_at: 2014-07-22 03:57:22.463173000 Z
