---
iron_man_review_1:
  id: 53
  rating: 5
  text: evolve 24/365 relationships
  user_id: 56
  video_id: 299
  created_at: 2014-07-25 03:50:37.233579000 Z
  updated_at: 2014-07-25 03:50:37.233579000 Z
iron_man_review_2:
  id: 54
  rating: 4
  text: aggregate dot-com channels
  user_id: 57
  video_id: 299
  created_at: 2014-07-25 03:50:37.236415000 Z
  updated_at: 2014-07-25 03:50:37.236415000 Z
