---
iron_man_review_1:
  id: 5
  rating: 5
  text: optimize integrated methodologies
  user_id: 13
  video_id: 23
  created_at: 2014-08-09 18:45:37.525647000 Z
  updated_at: 2014-08-09 18:45:37.525647000 Z
iron_man_review_2:
  id: 6
  rating: 4
  text: empower cutting-edge web services
  user_id: 14
  video_id: 23
  created_at: 2014-08-09 18:45:37.529288000 Z
  updated_at: 2014-08-09 18:45:37.529288000 Z
