---
iron_man_review_1:
  id: 1
  rating: 5
  text: aggregate best-of-breed channels
  user_id: 1
  video_id: 1
  created_at: 2014-07-28 04:37:16.981266000 Z
  updated_at: 2014-07-28 04:37:16.981266000 Z
iron_man_review_2:
  id: 2
  rating: 4
  text: iterate 24/365 networks
  user_id: 2
  video_id: 1
  created_at: 2014-07-28 04:37:16.985647000 Z
  updated_at: 2014-07-28 04:37:16.985647000 Z
