---
iron_man_review:
  id: 38
  rating: 4
  text: extend user-centric portals
  user_id: 32
  video_id: 211
  created_at: 2014-07-19 05:40:05.688403000 Z
  updated_at: 2014-07-19 05:40:05.688403000 Z
