---
iron_man_review_1:
  id: 5
  rating: 5
  text: extend intuitive niches
  user_id: 7
  video_id: 23
  created_at: 2014-07-27 00:24:52.112628000 Z
  updated_at: 2014-07-27 00:24:52.112628000 Z
iron_man_review_2:
  id: 6
  rating: 4
  text: revolutionize wireless initiatives
  user_id: 8
  video_id: 23
  created_at: 2014-07-27 00:24:52.116805000 Z
  updated_at: 2014-07-27 00:24:52.116805000 Z
