---
iron_man_review:
  id: 44
  rating: 4
  text: embrace B2C content
  user_id: 41
  video_id: 244
  created_at: 2014-07-22 02:25:45.052167000 Z
  updated_at: 2014-07-22 02:25:45.052167000 Z
