---
iron_man_review_1:
  id: 1
  rating: 5
  text: recontextualize open-source models
  user_id: 1
  video_id: 1
  created_at: 2014-07-29 06:36:22.039408000 Z
  updated_at: 2014-07-29 06:36:22.039408000 Z
iron_man_review_2:
  id: 2
  rating: 4
  text: transition enterprise experiences
  user_id: 2
  video_id: 1
  created_at: 2014-07-29 06:36:22.042979000 Z
  updated_at: 2014-07-29 06:36:22.042979000 Z
