---
iron_man_review:
  id: 4
  rating: 4
  text: e-enable value-added convergence
  user_id: 3
  video_id: 23
  created_at: 2014-07-13 01:35:17.730850000 Z
  updated_at: 2014-07-13 01:35:17.730850000 Z
