---
iron_man_review_1:
  id: 1
  rating: 5
  text: synergize proactive synergies
  user_id: 1
  video_id: 1
  created_at: 2014-07-30 04:14:33.610787000 Z
  updated_at: 2014-07-30 04:14:33.610787000 Z
iron_man_review_2:
  id: 2
  rating: 4
  text: unleash collaborative experiences
  user_id: 2
  video_id: 1
  created_at: 2014-07-30 04:14:33.615528000 Z
  updated_at: 2014-07-30 04:14:33.615528000 Z
