---
iron_man_review_1:
  id: 5
  rating: 5
  text: aggregate front-end web services
  user_id: 7
  video_id: 23
  created_at: 2014-08-03 00:02:40.176856000 Z
  updated_at: 2014-08-03 00:02:40.176856000 Z
iron_man_review_2:
  id: 6
  rating: 4
  text: cultivate interactive communities
  user_id: 8
  video_id: 23
  created_at: 2014-08-03 00:02:40.183706000 Z
  updated_at: 2014-08-03 00:02:40.183706000 Z
